,ds,trend,trend_lower,trend_upper,yhat_lower,yhat_upper,daily,daily_lower,daily_upper,seasonal,seasonal_lower,seasonal_upper,seasonalities,seasonalities_lower,seasonalities_upper,yhat
0,2018-02-24 00:58:58,0.00010149051480597439,0.00010149051480597439,0.00010149051480597439,8.961636549846482e-05,0.00010869601484432235,-2.0012557185390834e-06,-2.0012557185390834e-06,-2.0012557185390834e-06,-2.0012557185390834e-06,-2.0012557185390834e-06,-2.0012557185390834e-06,-2.0012557185390834e-06,-2.0012557185390834e-06,-2.0012557185390834e-06,9.94892590874353e-05
1,2018-02-24 01:57:40,0.0001013466071747645,0.0001013466071747645,0.0001013466071747645,8.923962623611474e-05,0.00010892668173840053,-2.042837118413105e-06,-2.042837118413105e-06,-2.042837118413105e-06,-2.042837118413105e-06,-2.042837118413105e-06,-2.042837118413105e-06,-2.042837118413105e-06,-2.042837118413105e-06,-2.042837118413105e-06,9.93037700563514e-05
2,2018-02-24 02:59:12,0.00010119575340576197,0.00010119575340576197,0.00010119575340576197,8.980250984303787e-05,0.00010870590222530663,-1.9536141154156686e-06,-1.9536141154156686e-06,-1.9536141154156686e-06,-1.9536141154156686e-06,-1.9536141154156686e-06,-1.9536141154156686e-06,-1.9536141154156686e-06,-1.9536141154156686e-06,-1.9536141154156686e-06,9.92421392903463e-05
3,2018-02-24 03:58:35,0.00010105017052955501,0.00010105017052955501,0.00010105017052955501,8.914836228291216e-05,0.00010823637367079194,-1.858628164696492e-06,-1.858628164696492e-06,-1.858628164696492e-06,-1.858628164696492e-06,-1.858628164696492e-06,-1.858628164696492e-06,-1.858628164696492e-06,-1.858628164696492e-06,-1.858628164696492e-06,9.919154236485852e-05
4,2018-02-24 04:59:54,0.00010089984793579546,0.00010089984793579546,0.00010089984793579546,8.888250131133651e-05,0.00010862595365439395,-1.7381792705611529e-06,-1.7381792705611529e-06,-1.7381792705611529e-06,-1.7381792705611529e-06,-1.7381792705611529e-06,-1.7381792705611529e-06,-1.7381792705611529e-06,-1.7381792705611529e-06,-1.7381792705611529e-06,9.91616686652343e-05
5,2018-02-24 05:59:02,0.00010075487795409963,0.00010075487795409963,0.00010075487795409963,8.931046182274069e-05,0.00010868999071521603,-1.6399045698834856e-06,-1.6399045698834856e-06,-1.6399045698834856e-06,-1.6399045698834856e-06,-1.6399045698834856e-06,-1.6399045698834856e-06,-1.6399045698834856e-06,-1.6399045698834856e-06,-1.6399045698834856e-06,9.911497338421614e-05
6,2018-02-24 06:58:59,0.00010060790580556778,0.00010060790580556778,0.00010060790580556778,8.942846510545208e-05,0.00010865191284970282,-1.6679743096530895e-06,-1.6679743096530895e-06,-1.6679743096530895e-06,-1.6679743096530895e-06,-1.6679743096530895e-06,-1.6679743096530895e-06,-1.6679743096530895e-06,-1.6679743096530895e-06,-1.6679743096530895e-06,9.893993149591469e-05
7,2018-02-24 07:59:46,0.00010045889067470995,0.00010045889067470995,0.00010045889067470995,8.817391604723936e-05,0.00010817693854926108,-1.8220571564196308e-06,-1.8220571564196308e-06,-1.8220571564196308e-06,-1.8220571564196308e-06,-1.8220571564196308e-06,-1.8220571564196308e-06,-1.8220571564196308e-06,-1.8220571564196308e-06,-1.8220571564196308e-06,9.863683351829031e-05
8,2018-02-24 08:59:21,0.00010031281743840154,0.00010031281743840154,0.00010031281743840154,8.843870555561271e-05,0.00010788412746596332,-1.839472672853082e-06,-1.839472672853082e-06,-1.839472672853082e-06,-1.839472672853082e-06,-1.839472672853082e-06,-1.839472672853082e-06,-1.839472672853082e-06,-1.839472672853082e-06,-1.839472672853082e-06,9.847334476554846e-05
9,2018-02-24 09:58:34,0.00010016764311431657,0.00010016764311431657,0.00010016764311431657,8.918946092236743e-05,0.00010879716482725194,-1.3804604376891726e-06,-1.3804604376891726e-06,-1.3804604376891726e-06,-1.3804604376891726e-06,-1.3804604376891726e-06,-1.3804604376891726e-06,-1.3804604376891726e-06,-1.3804604376891726e-06,-1.3804604376891726e-06,9.87871826766274e-05
10,2018-02-24 10:59:01,0.00010001944517682472,0.00010001944517682472,0.00010001944517682472,9.043655652762643e-05,0.0001098381076421784,-3.396026384575146e-07,-3.396026384575146e-07,-3.396026384575146e-07,-3.396026384575146e-07,-3.396026384575146e-07,-3.396026384575146e-07,-3.396026384575146e-07,-3.396026384575146e-07,-3.396026384575146e-07,9.96798425383672e-05
11,2018-02-24 11:59:24,9.987141067791845e-05,9.987141067791845e-05,9.987141067791845e-05,9.158830570408652e-05,0.00011054618778318638,8.675688666188407e-07,8.675688666188407e-07,8.675688666188407e-07,8.675688666188407e-07,8.675688666188407e-07,8.675688666188407e-07,8.675688666188407e-07,8.675688666188407e-07,8.675688666188407e-07,0.00010073897954453729
12,2018-02-24 12:59:38,9.972374391582977e-05,9.972374391582977e-05,9.972374391582977e-05,9.197038436809728e-05,0.00011102000622225954,1.566830780941958e-06,1.566830780941958e-06,1.566830780941958e-06,1.566830780941958e-06,1.566830780941958e-06,1.566830780941958e-06,1.566830780941958e-06,1.566830780941958e-06,1.566830780941958e-06,0.00010129057469677173
13,2018-02-24 13:57:46,9.958122546918746e-05,9.958122546918746e-05,9.958122546918746e-05,9.193859540130931e-05,0.00011056922437165833,1.410705363781536e-06,1.410705363781536e-06,1.410705363781536e-06,1.410705363781536e-06,1.410705363781536e-06,1.410705363781536e-06,1.410705363781536e-06,1.410705363781536e-06,1.410705363781536e-06,0.000100991930832969
14,2018-02-24 14:58:45,9.943172002301081e-05,9.943172002301081e-05,9.943172002301081e-05,9.07820291248183e-05,0.00010951509491240875,6.828643702541507e-07,6.828643702541507e-07,6.828643702541507e-07,6.828643702541507e-07,6.828643702541507e-07,6.828643702541507e-07,6.828643702541507e-07,6.828643702541507e-07,6.828643702541507e-07,0.00010011458439326496
15,2018-02-24 15:59:58,9.928164253165906e-05,9.928164253165906e-05,9.928164253165906e-05,8.945673277004628e-05,0.00010902872639360381,2.2876053323540122e-07,2.2876053323540122e-07,2.2876053323540122e-07,2.2876053323540122e-07,2.2876053323540122e-07,2.2876053323540122e-07,2.2876053323540122e-07,2.2876053323540122e-07,2.2876053323540122e-07,9.951040306489446e-05
16,2018-02-24 16:57:43,9.914006384733186e-05,9.914006384733186e-05,9.914006384733186e-05,9.021069582153863e-05,0.0001099740089253771,7.073183521836255e-07,7.073183521836255e-07,7.073183521836255e-07,7.073183521836255e-07,7.073183521836255e-07,7.073183521836255e-07,7.073183521836255e-07,7.073183521836255e-07,7.073183521836255e-07,9.984738219951548e-05
17,2018-02-24 17:57:10,9.899431747879069e-05,9.899431747879069e-05,9.899431747879069e-05,9.191092398332466e-05,0.00010991985793222501,2.068378138382567e-06,2.068378138382567e-06,2.068378138382567e-06,2.068378138382567e-06,2.068378138382567e-06,2.068378138382567e-06,2.068378138382567e-06,2.068378138382567e-06,2.068378138382567e-06,0.00010106269561717325
18,2018-02-24 18:55:44,9.885073667165482e-05,9.885073667165482e-05,9.885073667165482e-05,9.317520931589657e-05,0.00011150166347995335,3.5064329316900525e-06,3.5064329316900525e-06,3.5064329316900525e-06,3.5064329316900525e-06,3.5064329316900525e-06,3.5064329316900525e-06,3.5064329316900525e-06,3.5064329316900525e-06,3.5064329316900525e-06,0.00010235716960334487
19,2018-02-24 19:59:46,9.869375390682855e-05,9.869375390682855e-05,9.869375390682855e-05,9.315828143485562e-05,0.00011212010399707617,4.098355236242141e-06,4.098355236242141e-06,4.098355236242141e-06,4.098355236242141e-06,4.098355236242141e-06,4.098355236242141e-06,4.098355236242141e-06,4.098355236242141e-06,4.098355236242141e-06,0.0001027921091430707
20,2018-02-24 20:47:17,9.857726305245069e-05,9.857726305245069e-05,9.857726305245069e-05,9.291328130248801e-05,0.00011138278653375944,3.5439204947394183e-06,3.5439204947394183e-06,3.5439204947394183e-06,3.5439204947394183e-06,3.5439204947394183e-06,3.5439204947394183e-06,3.5439204947394183e-06,3.5439204947394183e-06,3.5439204947394183e-06,0.00010212118354719011
21,2018-02-24 21:59:46,9.839956444645655e-05,9.839956444645655e-05,9.839956444645655e-05,8.97897789697773e-05,0.0001103570973204066,1.5149031007833832e-06,1.5149031007833832e-06,1.5149031007833832e-06,1.5149031007833832e-06,1.5149031007833832e-06,1.5149031007833832e-06,1.5149031007833832e-06,1.5149031007833832e-06,1.5149031007833832e-06,9.991446754723993e-05
22,2018-02-24 22:59:46,9.825246971627054e-05,9.825246971627054e-05,9.825246971627054e-05,8.80464333765352e-05,0.00010768743676973403,-3.0757323164493874e-07,-3.0757323164493874e-07,-3.0757323164493874e-07,-3.0757323164493874e-07,-3.0757323164493874e-07,-3.0757323164493874e-07,-3.0757323164493874e-07,-3.0757323164493874e-07,-3.0757323164493874e-07,9.79448964846256e-05
23,2018-02-24 23:52:06,9.812417042383055e-05,9.812417042383054e-05,9.812417042383054e-05,8.734355744530401e-05,0.00010715302421163713,-1.4110664262463156e-06,-1.4110664262463156e-06,-1.4110664262463156e-06,-1.4110664262463156e-06,-1.4110664262463156e-06,-1.4110664262463156e-06,-1.4110664262463156e-06,-1.4110664262463156e-06,-1.4110664262463156e-06,9.671310399758423e-05
24,2018-02-25 00:59:43,9.795840283642193e-05,9.795840283642193e-05,9.795840283642193e-05,8.59569223661876e-05,0.00010485811155718674,-2.003738494931983e-06,-2.003738494931983e-06,-2.003738494931983e-06,-2.003738494931983e-06,-2.003738494931983e-06,-2.003738494931983e-06,-2.003738494931983e-06,-2.003738494931983e-06,-2.003738494931983e-06,9.595466434148995e-05
25,2018-02-25 01:59:23,9.781212530057702e-05,9.781212530057702e-05,9.781212530057702e-05,8.602167821956823e-05,0.00010560265902271555,-2.041060077302438e-06,-2.041060077302438e-06,-2.041060077302438e-06,-2.041060077302438e-06,-2.041060077302438e-06,-2.041060077302438e-06,-2.041060077302438e-06,-2.041060077302438e-06,-2.041060077302438e-06,9.577106522327458e-05
26,2018-02-25 02:59:47,9.766404994026921e-05,9.766404994026921e-05,9.766404994026921e-05,8.693505210406991e-05,0.00010538162930192024,-1.9527004995895766e-06,-1.9527004995895766e-06,-1.9527004995895766e-06,-1.9527004995895766e-06,-1.9527004995895766e-06,-1.9527004995895766e-06,-1.9527004995895766e-06,-1.9527004995895766e-06,-1.9527004995895766e-06,9.571134944067963e-05
27,2018-02-25 03:57:30,9.752255298310972e-05,9.752255298310972e-05,9.752255298310972e-05,8.614917323776082e-05,0.00010510996201563154,-1.8605012165718086e-06,-1.8605012165718086e-06,-1.8605012165718086e-06,-1.8605012165718086e-06,-1.8605012165718086e-06,-1.8605012165718086e-06,-1.8605012165718086e-06,-1.8605012165718086e-06,-1.8605012165718086e-06,9.566205176653791e-05
28,2018-02-25 04:59:55,9.736953360552895e-05,9.736953360552895e-05,9.736953360552895e-05,8.574728635367762e-05,0.00010574946407908832,-1.7381445008034478e-06,-1.7381445008034478e-06,-1.7381445008034478e-06,-1.7381445008034478e-06,-1.7381445008034478e-06,-1.7381445008034478e-06,-1.7381445008034478e-06,-1.7381445008034478e-06,-1.7381445008034478e-06,9.563138910472551e-05
29,2018-02-25 05:58:43,9.72253807777113e-05,9.72253807777113e-05,9.72253807777113e-05,8.574653664547055e-05,0.00010573869766964699,-1.6401841233522688e-06,-1.6401841233522688e-06,-1.6401841233522688e-06,-1.6401841233522688e-06,-1.6401841233522688e-06,-1.6401841233522688e-06,-1.6401841233522688e-06,-1.6401841233522688e-06,-1.6401841233522688e-06,9.558519665435903e-05
30,2018-02-25 06:59:40,9.707595705567926e-05,9.707595705567926e-05,9.707595705567926e-05,8.618611119072169e-05,0.00010438268183963341,-1.6692494911254673e-06,-1.6692494911254673e-06,-1.6692494911254673e-06,-1.6692494911254673e-06,-1.6692494911254673e-06,-1.6692494911254673e-06,-1.6692494911254673e-06,-1.6692494911254673e-06,-1.6692494911254673e-06,9.540670756455378e-05
31,2018-02-25 07:55:23,9.693936326220011e-05,9.69393632622001e-05,9.69393632622001e-05,8.533599921720878e-05,0.00010486045555877462,-1.8110665324676103e-06,-1.8110665324676103e-06,-1.8110665324676103e-06,-1.8110665324676103e-06,-1.8110665324676103e-06,-1.8110665324676103e-06,-1.8110665324676103e-06,-1.8110665324676103e-06,-1.8110665324676103e-06,9.51282967297325e-05
32,2018-02-25 08:58:12,9.678536325991988e-05,9.678536325991988e-05,9.678536325991988e-05,8.485418167929415e-05,0.00010425423759023282,-1.8427587910103887e-06,-1.8427587910103887e-06,-1.8427587910103887e-06,-1.8427587910103887e-06,-1.8427587910103887e-06,-1.8427587910103887e-06,-1.8427587910103887e-06,-1.8427587910103887e-06,-1.8427587910103887e-06,9.49426044689095e-05
33,2018-02-25 09:54:18,9.664782969867803e-05,9.664782969867803e-05,9.664782969867803e-05,8.500082018768774e-05,0.00010487452990613694,-1.4337762814133103e-06,-1.4337762814133103e-06,-1.4337762814133103e-06,-1.4337762814133103e-06,-1.4337762814133103e-06,-1.4337762814133103e-06,-1.4337762814133103e-06,-1.4337762814133103e-06,-1.4337762814133103e-06,9.521405341726473e-05
34,2018-02-25 10:57:14,9.649354368345245e-05,9.649354368345245e-05,9.649354368345245e-05,8.661617958047981e-05,0.00010546008682732458,-3.758430378883909e-07,-3.758430378883909e-07,-3.758430378883909e-07,-3.758430378883909e-07,-3.758430378883909e-07,-3.758430378883909e-07,-3.758430378883909e-07,-3.758430378883909e-07,-3.758430378883909e-07,9.611770064556406e-05
35,2018-02-25 11:57:06,9.634677584269762e-05,9.634677584269762e-05,9.634677584269762e-05,8.790859219117583e-05,0.00010711977444866514,8.267732653904538e-07,8.267732653904538e-07,8.267732653904538e-07,8.267732653904538e-07,8.267732653904538e-07,8.267732653904538e-07,8.267732653904538e-07,8.267732653904538e-07,8.267732653904538e-07,9.717354910808807e-05
36,2018-02-25 12:59:53,9.619285756426683e-05,9.619285756426683e-05,9.619285756426683e-05,8.76394196859448e-05,0.00010796269233202387,1.5679463812262792e-06,1.5679463812262792e-06,1.5679463812262792e-06,1.5679463812262792e-06,1.5679463812262792e-06,1.5679463812262792e-06,1.5679463812262792e-06,1.5679463812262792e-06,1.5679463812262792e-06,9.776080394549312e-05
37,2018-02-25 13:48:06,9.607465061457203e-05,9.607465061457203e-05,9.607465061457203e-05,8.792100694170588e-05,0.00010753890426311352,1.4893407516299708e-06,1.4893407516299708e-06,1.4893407516299708e-06,1.4893407516299708e-06,1.4893407516299708e-06,1.4893407516299708e-06,1.4893407516299708e-06,1.4893407516299708e-06,1.4893407516299708e-06,9.7563991366202e-05
38,2018-02-25 14:55:50,9.590859696646292e-05,9.590859696646292e-05,9.590859696646292e-05,8.689044443669697e-05,0.00010587478794393109,7.190201672436565e-07,7.190201672436565e-07,7.190201672436565e-07,7.190201672436565e-07,7.190201672436565e-07,7.190201672436565e-07,7.190201672436565e-07,7.190201672436565e-07,7.190201672436565e-07,9.662761713370657e-05
39,2018-02-25 15:49:27,9.577715144826239e-05,9.577715144826239e-05,9.577715144826239e-05,8.644592944381074e-05,0.00010504216778762707,2.482229107111897e-07,2.482229107111897e-07,2.482229107111897e-07,2.482229107111897e-07,2.482229107111897e-07,2.482229107111897e-07,2.482229107111897e-07,2.482229107111897e-07,2.482229107111897e-07,9.602537435897358e-05
40,2018-02-25 16:57:19,9.561077092289323e-05,9.561077092289323e-05,9.561077092289323e-05,8.706660208616269e-05,0.00010621837504113384,7.006140163803576e-07,7.006140163803576e-07,7.006140163803576e-07,7.006140163803576e-07,7.006140163803576e-07,7.006140163803576e-07,7.006140163803576e-07,7.006140163803576e-07,7.006140163803576e-07,9.631138493927359e-05
41,2018-02-25 17:52:48,9.54747491230519e-05,9.54747491230519e-05,9.54747491230519e-05,8.796622528334435e-05,0.00010712959987894065,1.9526778106483353e-06,1.9526778106483353e-06,1.9526778106483353e-06,1.9526778106483353e-06,1.9526778106483353e-06,1.9526778106483353e-06,1.9526778106483353e-06,1.9526778106483353e-06,1.9526778106483353e-06,9.742742693370023e-05
42,2018-02-25 18:59:36,9.531098364073968e-05,9.531098364073968e-05,9.531098364073968e-05,8.956439339011132e-05,0.0001094334756635329,3.580533380161188e-06,3.580533380161188e-06,3.580533380161188e-06,3.580533380161188e-06,3.580533380161188e-06,3.580533380161188e-06,3.580533380161188e-06,3.580533380161188e-06,3.580533380161188e-06,9.889151702090088e-05
43,2018-02-25 19:58:56,9.51655232821989e-05,9.51655232821989e-05,9.51655232821989e-05,8.933542958154686e-05,0.00010918831264073811,4.100436976077358e-06,4.100436976077358e-06,4.100436976077358e-06,4.100436976077358e-06,4.100436976077358e-06,4.100436976077358e-06,4.100436976077358e-06,4.100436976077358e-06,4.100436976077358e-06,9.926596025827626e-05
44,2018-02-25 20:59:14,9.501769306388416e-05,9.501769306388416e-05,9.501769306388416e-05,8.861227117642874e-05,0.00010786471119082813,3.283390006782681e-06,3.283390006782681e-06,3.283390006782681e-06,3.283390006782681e-06,3.283390006782681e-06,3.283390006782681e-06,3.283390006782681e-06,3.283390006782681e-06,3.283390006782681e-06,9.830108307066683e-05
45,2018-02-25 21:59:51,9.486908651219516e-05,9.486908651219516e-05,9.486908651219516e-05,8.728770317350601e-05,0.00010628989839698457,1.512212667449017e-06,1.512212667449017e-06,1.512212667449017e-06,1.512212667449017e-06,1.512212667449017e-06,1.512212667449017e-06,1.512212667449017e-06,1.512212667449017e-06,1.512212667449017e-06,9.638129917964418e-05
46,2018-02-25 22:56:14,9.473085831193014e-05,9.473085831193014e-05,9.473085831193014e-05,8.519989685807088e-05,0.00010416389322257354,-2.1287282437657192e-07,-2.1287282437657192e-07,-2.1287282437657192e-07,-2.1287282437657192e-07,-2.1287282437657192e-07,-2.1287282437657192e-07,-2.1287282437657192e-07,-2.1287282437657192e-07,-2.1287282437657192e-07,9.451798548755357e-05
47,2018-02-25 23:58:31,9.457816578500565e-05,9.457816578500565e-05,9.457816578500565e-05,8.37335468438292e-05,0.00010255383631258297,-1.5052598502268014e-06,-1.5052598502268014e-06,-1.5052598502268014e-06,-1.5052598502268014e-06,-1.5052598502268014e-06,-1.5052598502268014e-06,-1.5052598502268014e-06,-1.5052598502268014e-06,-1.5052598502268014e-06,9.307290593477885e-05
48,2018-02-26 00:57:41,9.443311401337548e-05,9.443311401337548e-05,9.443311401337548e-05,8.248726445855426e-05,0.00010208870578180658,-1.9968437840706575e-06,-1.9968437840706575e-06,-1.9968437840706575e-06,-1.9968437840706575e-06,-1.9968437840706575e-06,-1.9968437840706575e-06,-1.9968437840706575e-06,-1.9968437840706575e-06,-1.9968437840706575e-06,9.243627022930481e-05
49,2018-02-26 01:55:32,9.429129015440973e-05,9.429129015440973e-05,9.429129015440973e-05,8.28057691572824e-05,0.00010215942258727722,-2.0449171225091546e-06,-2.0449171225091546e-06,-2.0449171225091546e-06,-2.0449171225091546e-06,-2.0449171225091546e-06,-2.0449171225091546e-06,-2.0449171225091546e-06,-2.0449171225091546e-06,-2.0449171225091546e-06,9.224637303190057e-05
50,2018-02-26 02:53:36,9.414893511994228e-05,9.414893511994228e-05,9.414893511994228e-05,8.268548143085082e-05,0.00010210296861560106,-1.962403560101731e-06,-1.962403560101731e-06,-1.962403560101731e-06,-1.962403560101731e-06,-1.962403560101731e-06,-1.962403560101731e-06,-1.962403560101731e-06,-1.962403560101731e-06,-1.962403560101731e-06,9.218653155984054e-05
51,2018-02-26 03:59:51,9.398651799537045e-05,9.398651799537045e-05,9.398651799537045e-05,8.168110266659489e-05,0.00010110227642192468,-1.8564263531464796e-06,-1.8564263531464796e-06,-1.8564263531464796e-06,-1.8564263531464796e-06,-1.8564263531464796e-06,-1.8564263531464796e-06,-1.8564263531464796e-06,-1.8564263531464796e-06,-1.8564263531464796e-06,9.213009164222397e-05
52,2018-02-26 04:59:53,9.383934138739274e-05,9.383934138739274e-05,9.383934138739274e-05,8.274835453592122e-05,0.00010194473210327499,-1.7382140411418729e-06,-1.7382140411418729e-06,-1.7382140411418729e-06,-1.7382140411418729e-06,-1.7382140411418729e-06,-1.7382140411418729e-06,-1.7382140411418729e-06,-1.7382140411418729e-06,-1.7382140411418729e-06,9.210112734625087e-05
53,2018-02-26 05:59:42,9.369269595540164e-05,9.369269595540164e-05,9.369269595540164e-05,8.17610177178143e-05,0.00010239070191845778,-1.6393286529614439e-06,-1.6393286529614439e-06,-1.6393286529614439e-06,-1.6393286529614439e-06,-1.6393286529614439e-06,-1.6393286529614439e-06,-1.6393286529614439e-06,-1.6393286529614439e-06,-1.6393286529614439e-06,9.20533673024402e-05
54,2018-02-26 06:59:00,9.354731717384009e-05,9.354731717384009e-05,9.354731717384009e-05,8.226793044648527e-05,0.00010111202372023291,-1.6680051823820374e-06,-1.6680051823820374e-06,-1.6680051823820374e-06,-1.6680051823820374e-06,-1.6680051823820374e-06,-1.6680051823820374e-06,-1.6680051823820374e-06,-1.6680051823820374e-06,-1.6680051823820374e-06,9.187931199145805e-05
55,2018-02-26 07:54:00,9.341248019262788e-05,9.341248019262788e-05,9.341248019262788e-05,8.301271266044648e-05,0.00010150032813355315,-1.8074828371545549e-06,-1.8074828371545549e-06,-1.8074828371545549e-06,-1.8074828371545549e-06,-1.8074828371545549e-06,-1.8074828371545549e-06,-1.8074828371545549e-06,-1.8074828371545549e-06,-1.8074828371545549e-06,9.160499735547333e-05
56,2018-02-26 08:59:27,9.325202540514143e-05,9.325202540514142e-05,9.325202540514142e-05,8.152779321398036e-05,0.00010128101055695178,-1.8391780635857672e-06,-1.8391780635857672e-06,-1.8391780635857672e-06,-1.8391780635857672e-06,-1.8391780635857672e-06,-1.8391780635857672e-06,-1.8391780635857672e-06,-1.8391780635857672e-06,-1.8391780635857672e-06,9.141284734155567e-05
57,2018-02-26 09:54:37,9.311678085546481e-05,9.311678085546481e-05,9.311678085546481e-05,8.174664952235594e-05,0.00010156310021805251,-1.4299274782132293e-06,-1.4299274782132293e-06,-1.4299274782132293e-06,-1.4299274782132293e-06,-1.4299274782132293e-06,-1.4299274782132293e-06,-1.4299274782132293e-06,-1.4299274782132293e-06,-1.4299274782132293e-06,9.168685337725158e-05
58,2018-02-26 10:58:26,9.296033028727391e-05,9.296033028727391e-05,9.296033028727391e-05,8.326680590177524e-05,0.00010169135028490271,-3.5147640448349954e-07,-3.5147640448349954e-07,-3.5147640448349954e-07,-3.5147640448349954e-07,-3.5147640448349954e-07,-3.5147640448349954e-07,-3.5147640448349954e-07,-3.5147640448349954e-07,-3.5147640448349954e-07,9.260885388279041e-05
59,2018-02-26 11:34:21,9.287227832215211e-05,9.287227832215211e-05,9.287227832215211e-05,8.336274579877237e-05,0.00010286496031062172,3.8982475859340823e-07,3.8982475859340823e-07,3.8982475859340823e-07,3.8982475859340823e-07,3.8982475859340823e-07,3.8982475859340823e-07,3.8982475859340823e-07,3.8982475859340823e-07,3.8982475859340823e-07,9.326210308074552e-05
60,2018-02-26 12:59:33,9.266340516869382e-05,9.266340516869382e-05,9.266340516869382e-05,8.48035789571254e-05,0.00010348536574378173,1.5664553151293501e-06,1.5664553151293501e-06,1.5664553151293501e-06,1.5664553151293501e-06,1.5664553151293501e-06,1.5664553151293501e-06,1.5664553151293501e-06,1.5664553151293501e-06,1.5664553151293501e-06,9.422986048382317e-05
61,2018-02-26 13:42:10,9.27192536923219e-05,9.27192536923219e-05,9.27192536923219e-05,8.462108408655897e-05,0.00010339186574567197,1.5285221496035468e-06,1.5285221496035468e-06,1.5285221496035468e-06,1.5285221496035468e-06,1.5285221496035468e-06,1.5285221496035468e-06,1.5285221496035468e-06,1.5285221496035468e-06,1.5285221496035468e-06,9.424777584192545e-05
62,2018-02-26 14:59:53,9.282110025692018e-05,9.282110025692018e-05,9.282110025692018e-05,8.373978360004332e-05,0.0001030603791345097,6.689863008715008e-07,6.689863008715008e-07,6.689863008715008e-07,6.689863008715008e-07,6.689863008715008e-07,6.689863008715008e-07,6.689863008715008e-07,6.689863008715008e-07,6.689863008715008e-07,9.349008655779168e-05
63,2018-02-26 15:57:27,9.289654053873928e-05,9.289654053873928e-05,9.289654053873928e-05,8.306123966151142e-05,0.00010270908981439073,2.306357625983927e-07,2.306357625983927e-07,2.306357625983927e-07,2.306357625983927e-07,2.306357625983927e-07,2.306357625983927e-07,2.306357625983927e-07,2.306357625983927e-07,2.306357625983927e-07,9.312717630133768e-05
64,2018-02-26 16:59:58,9.29784677237721e-05,9.29784677237721e-05,9.29784677237721e-05,8.437686317172781e-05,0.00010393437852716365,7.458298122756174e-07,7.458298122756174e-07,7.458298122756174e-07,7.458298122756174e-07,7.458298122756174e-07,7.458298122756174e-07,7.458298122756174e-07,7.458298122756174e-07,7.458298122756174e-07,9.372429753604772e-05
65,2018-02-26 17:59:20,9.360237162220025e-05,9.360237162220025e-05,9.360237162220025e-05,8.605834713702699e-05,0.00010500907606141487,2.1260351324818474e-06,2.1260351324818474e-06,2.1260351324818474e-06,2.1260351324818474e-06,2.1260351324818474e-06,2.1260351324818474e-06,2.1260351324818474e-06,2.1260351324818474e-06,2.1260351324818474e-06,9.572840675468209e-05
66,2018-02-26 18:47:06,9.410436729117694e-05,9.410436729117694e-05,9.410436729117694e-05,8.747623871843394e-05,0.00010687929116746895,3.327458427198826e-06,3.327458427198826e-06,3.327458427198826e-06,3.327458427198826e-06,3.327458427198826e-06,3.327458427198826e-06,3.327458427198826e-06,3.327458427198826e-06,3.327458427198826e-06,9.743182571837576e-05
67,2018-02-26 19:58:33,9.4855258928617e-05,9.485525892861702e-05,9.485525892861702e-05,8.943552988634239e-05,0.00010869018397575587,4.101302636014888e-06,4.101302636014888e-06,4.101302636014888e-06,4.101302636014888e-06,4.101302636014888e-06,4.101302636014888e-06,4.101302636014888e-06,4.101302636014888e-06,4.101302636014888e-06,9.895656156463189e-05
68,2018-02-26 20:59:53,9.549983117629121e-05,9.549983117629121e-05,9.549983117629121e-05,8.890607958311383e-05,0.00010790707939521723,3.268053916587493e-06,3.268053916587493e-06,3.268053916587493e-06,3.268053916587493e-06,3.268053916587493e-06,3.268053916587493e-06,3.268053916587493e-06,3.268053916587493e-06,3.268053916587493e-06,9.876788509287869e-05
69,2018-02-26 21:48:26,9.601005915386594e-05,9.601005915386594e-05,9.601005915386594e-05,8.83318054723809e-05,0.00010730449333729377,1.8789100836619973e-06,1.8789100836619973e-06,1.8789100836619973e-06,1.8789100836619973e-06,1.8789100836619973e-06,1.8789100836619973e-06,1.8789100836619973e-06,1.8789100836619973e-06,1.8789100836619973e-06,9.788896923752793e-05
70,2018-02-26 22:59:29,9.747695846374995e-05,9.747695846374995e-05,9.747695846374995e-05,8.722132598684361e-05,0.00010652980782558274,-3.000625067747028e-07,-3.000625067747028e-07,-3.000625067747028e-07,-3.000625067747028e-07,-3.000625067747028e-07,-3.000625067747028e-07,-3.000625067747028e-07,-3.000625067747028e-07,-3.000625067747028e-07,9.717689595697524e-05
71,2018-02-26 23:58:53,9.870333170804424e-05,9.870333170804424e-05,9.870333170804424e-05,8.758782984795785e-05,0.0001067181301387253,-1.5103729308506324e-06,-1.5103729308506324e-06,-1.5103729308506324e-06,-1.5103729308506324e-06,-1.5103729308506324e-06,-1.5103729308506324e-06,-1.5103729308506324e-06,-1.5103729308506324e-06,-1.5103729308506324e-06,9.719295877719361e-05
72,2018-02-27 00:59:54,9.996308267531736e-05,9.996308267531736e-05,9.996308267531736e-05,8.877732002564956e-05,0.0001080434958742941,-2.004334783960422e-06,-2.004334783960422e-06,-2.004334783960422e-06,-2.004334783960422e-06,-2.004334783960422e-06,-2.004334783960422e-06,-2.004334783960422e-06,-2.004334783960422e-06,-2.004334783960422e-06,9.795874789135694e-05
73,2018-02-27 01:44:15,0.00010087873340569535,0.00010087873340569535,0.00010087873340569535,8.920626334728594e-05,0.00010933577102255514,-2.0530930492285396e-06,-2.0530930492285396e-06,-2.0530930492285396e-06,-2.0530930492285396e-06,-2.0530930492285396e-06,-2.0530930492285396e-06,-2.0530930492285396e-06,-2.0530930492285396e-06,-2.0530930492285396e-06,9.882564035646682e-05
74,2018-02-27 02:57:51,0.0001023982800518243,0.0001023982800518243,0.0001023982800518243,9.063047491835158e-05,0.00011029209814891087,-1.9557299409416456e-06,-1.9557299409416456e-06,-1.9557299409416456e-06,-1.9557299409416456e-06,-1.9557299409416456e-06,-1.9557299409416456e-06,-1.9557299409416456e-06,-1.9557299409416456e-06,-1.9557299409416456e-06,0.00010044255011088265
75,2018-02-27 03:55:45,0.0001040445186642276,0.0001040445186642276,0.0001040445186642276,9.219008482745124e-05,0.00011136017919193277,-1.8635077082350212e-06,-1.8635077082350212e-06,-1.8635077082350212e-06,-1.8635077082350212e-06,-1.8635077082350212e-06,-1.8635077082350212e-06,-1.8635077082350212e-06,-1.8635077082350212e-06,-1.8635077082350212e-06,0.00010218101095599257
76,2018-02-27 04:55:03,0.00010573056270076499,0.000105730562700765,0.000105730562700765,9.379011767273497e-05,0.00011429903081361031,-1.74832249203728e-06,-1.74832249203728e-06,-1.74832249203728e-06,-1.74832249203728e-06,-1.74832249203728e-06,-1.74832249203728e-06,-1.74832249203728e-06,-1.74832249203728e-06,-1.74832249203728e-06,0.00010398224020872771
77,2018-02-27 05:59:40,0.0001075677725741926,0.0001075677725741926,0.0001075677725741926,9.614953102207423e-05,0.00011581726386694666,-1.6393570407405568e-06,-1.6393570407405568e-06,-1.6393570407405568e-06,-1.6393570407405568e-06,-1.6393570407405568e-06,-1.6393570407405568e-06,-1.6393570407405568e-06,-1.6393570407405568e-06,-1.6393570407405568e-06,0.00010592841553345204
78,2018-02-27 06:59:59,0.0001092827229306369,0.0001092827229306369,0.0001092827229306369,9.823960967657247e-05,0.0001172108080232707,-1.6698469329912116e-06,-1.6698469329912116e-06,-1.6698469329912116e-06,-1.6698469329912116e-06,-1.6698469329912116e-06,-1.6698469329912116e-06,-1.6698469329912116e-06,-1.6698469329912116e-06,-1.6698469329912116e-06,0.00010761287599764569
79,2018-02-27 07:59:31,0.00011098296835474035,0.00011098296835474035,0.00011098296835474035,9.974606729607052e-05,0.0001185820236546243,-1.821446913971291e-06,-1.821446913971291e-06,-1.821446913971291e-06,-1.821446913971291e-06,-1.821446913971291e-06,-1.821446913971291e-06,-1.821446913971291e-06,-1.821446913971291e-06,-1.821446913971291e-06,0.00010916152144076906
80,2018-02-27 08:59:11,0.00011268702171932332,0.00011268702171932332,0.00011268702171932332,0.00010090003024794865,0.00012033702702040441,-1.8399605274020938e-06,-1.8399605274020938e-06,-1.8399605274020938e-06,-1.8399605274020938e-06,-1.8399605274020938e-06,-1.8399605274020938e-06,-1.8399605274020938e-06,-1.8399605274020938e-06,-1.8399605274020938e-06,0.00011084706119192123
81,2018-02-27 09:59:40,0.00011441439871934333,0.00011441439871934333,0.00011441439871934333,0.00010277388148974913,0.0001230484097893811,-1.3662071990701846e-06,-1.3662071990701846e-06,-1.3662071990701846e-06,-1.3662071990701846e-06,-1.3662071990701846e-06,-1.3662071990701846e-06,-1.3662071990701846e-06,-1.3662071990701846e-06,-1.3662071990701846e-06,0.00011304819152027314
82,2018-02-27 10:59:40,0.0001161279719351251,0.0001161279719351251,0.0001161279719351251,0.00010605598605652862,0.00012539970446743702,-3.263505974261224e-07,-3.263505974261224e-07,-3.263505974261224e-07,-3.263505974261224e-07,-3.263505974261224e-07,-3.263505974261224e-07,-3.263505974261224e-07,-3.263505974261224e-07,-3.263505974261224e-07,0.00011580162133769897
83,2018-02-27 11:59:35,0.00011783916518810712,0.00011783916518810712,0.00011783916518810712,0.00010926605233753804,0.00012906007547652213,8.707878165356285e-07,8.707878165356285e-07,8.707878165356285e-07,8.707878165356285e-07,8.707878165356285e-07,8.707878165356285e-07,8.707878165356285e-07,8.707878165356285e-07,8.707878165356285e-07,0.00011870995300464275
84,2018-02-27 12:59:43,0.00011955654635462772,0.00011955654635462772,0.00011955654635462772,0.00011193622567666118,0.00013014702806278834,1.5672044473206504e-06,1.5672044473206504e-06,1.5672044473206504e-06,1.5672044473206504e-06,1.5672044473206504e-06,1.5672044473206504e-06,1.5672044473206504e-06,1.5672044473206504e-06,1.5672044473206504e-06,0.00012112375080194838
85,2018-02-27 13:58:38,0.00012123918006406511,0.00012123918006406511,0.00012123918006406511,0.00011296248332437212,0.00013217604872669368,1.4028306834334174e-06,1.4028306834334174e-06,1.4028306834334174e-06,1.4028306834334174e-06,1.4028306834334174e-06,1.4028306834334174e-06,1.4028306834334174e-06,1.4028306834334174e-06,1.4028306834334174e-06,0.00012264201074749852
86,2018-02-27 14:55:38,0.0001228670746287825,0.0001228670746287825,0.0001228670746287825,0.00011347471726926231,0.00013342648196819319,7.215207028811456e-07,7.215207028811456e-07,7.215207028811456e-07,7.215207028811456e-07,7.215207028811456e-07,7.215207028811456e-07,7.215207028811456e-07,7.215207028811456e-07,7.215207028811456e-07,0.00012358859533166366
87,2018-02-27 15:59:49,0.00012470012198805932,0.00012470012198805932,0.00012470012198805932,0.00011472253756939399,0.00013402148707118838,2.2882199419020272e-07,2.2882199419020272e-07,2.2882199419020272e-07,2.2882199419020272e-07,2.2882199419020272e-07,2.2882199419020272e-07,2.2882199419020272e-07,2.2882199419020272e-07,2.2882199419020272e-07,0.00012492894398224953
88,2018-02-27 16:59:47,0.00012641274322440502,0.00012641274322440502,0.00012641274322440502,0.00011761180426144523,0.0001372404676674338,7.426414133350075e-07,7.426414133350075e-07,7.426414133350075e-07,7.426414133350075e-07,7.426414133350075e-07,7.426414133350075e-07,7.426414133350075e-07,7.426414133350075e-07,7.426414133350075e-07,0.00012715538463774003
89,2018-02-27 17:59:42,0.00012812393648306618,0.00012812393648306618,0.00012812393648306618,0.00012037420614192281,0.0001400549611806897,2.1358033110182385e-06,2.1358033110182385e-06,2.1358033110182385e-06,2.1358033110182385e-06,2.1358033110182385e-06,2.1358033110182385e-06,2.1358033110182385e-06,2.1358033110182385e-06,2.1358033110182385e-06,0.00013025973979408442
90,2018-02-27 18:59:39,0.00012983608172685037,0.00012983608172685037,0.00012983608172685037,0.0001233603678933428,0.0001431873907920797,3.58146534141014e-06,3.58146534141014e-06,3.58146534141014e-06,3.58146534141014e-06,3.58146534141014e-06,3.58146534141014e-06,3.58146534141014e-06,3.58146534141014e-06,3.58146534141014e-06,0.0001334175470682605
91,2018-02-27 19:59:23,0.0001315420390673348,0.0001315420390673348,0.0001315420390673348,0.0001257216856214819,0.00014582632067041318,4.099346840146906e-06,4.099346840146906e-06,4.099346840146906e-06,4.099346840146906e-06,4.099346840146906e-06,4.099346840146906e-06,4.099346840146906e-06,4.099346840146906e-06,4.099346840146906e-06,0.0001356413859074817
92,2018-02-27 20:59:27,0.0001332575162590496,0.0001332575162590496,0.0001332575162590496,0.0001278148212445005,0.00014661468925233271,3.278290653637644e-06,3.278290653637644e-06,3.278290653637644e-06,3.278290653637644e-06,3.278290653637644e-06,3.278290653637644e-06,3.278290653637644e-06,3.278290653637644e-06,3.278290653637644e-06,0.00013653580691268724
93,2018-02-27 21:59:55,0.0001347138242093318,0.0001347138242093318,0.0001347138242093318,0.00012650613480287033,0.00014600772670562282,1.5100602569368417e-06,1.5100602569368417e-06,1.5100602569368417e-06,1.5100602569368417e-06,1.5100602569368417e-06,1.5100602569368417e-06,1.5100602569368417e-06,1.5100602569368417e-06,1.5100602569368417e-06,0.00013622388446626863
94,2018-02-27 22:59:58,0.0001361600969615001,0.0001361600969615001,0.0001361600969615001,0.0001257645694976931,0.00014527502659123913,-3.1286606679520013e-07,-3.1286606679520013e-07,-3.1286606679520013e-07,-3.1286606679520013e-07,-3.1286606679520013e-07,-3.1286606679520013e-07,-3.1286606679520013e-07,-3.1286606679520013e-07,-3.1286606679520013e-07,0.00013584723089470491
95,2018-02-27 23:58:17,0.00013756462328951482,0.00013756462328951482,0.00013756462328951482,0.00012574319943839372,0.000145935169627055,-1.5019910071887838e-06,-1.5019910071887838e-06,-1.5019910071887838e-06,-1.5019910071887838e-06,-1.5019910071887838e-06,-1.5019910071887838e-06,-1.5019910071887838e-06,-1.5019910071887838e-06,-1.5019910071887838e-06,0.00013606263228232605
96,2018-02-28 00:59:48,0.0001390462199390439,0.0001390462199390439,0.0001390462199390439,0.00012718443205458945,0.0001468661487838388,-2.0040100500527363e-06,-2.0040100500527363e-06,-2.0040100500527363e-06,-2.0040100500527363e-06,-2.0040100500527363e-06,-2.0040100500527363e-06,-2.0040100500527363e-06,-2.0040100500527363e-06,-2.0040100500527363e-06,0.00013704220988899118
97,2018-02-28 01:59:48,0.00014049128846743857,0.00014049128846743857,0.00014049128846743857,0.00012912249184639327,0.00014814222451133992,-2.0406155762492244e-06,-2.0406155762492244e-06,-2.0406155762492244e-06,-2.0406155762492244e-06,-2.0406155762492244e-06,-2.0406155762492244e-06,-2.0406155762492244e-06,-2.0406155762492244e-06,-2.0406155762492244e-06,0.00013845067289118933
98,2018-02-28 02:59:53,0.00014099533563854052,0.00014099533563854052,0.00014099533563854052,0.00012861694651163094,0.00014866709659616846,-1.952543918048689e-06,-1.952543918048689e-06,-1.952543918048689e-06,-1.952543918048689e-06,-1.952543918048689e-06,-1.952543918048689e-06,-1.952543918048689e-06,-1.952543918048689e-06,-1.952543918048689e-06,0.00013904279172049182
99,2018-02-28 03:59:29,0.000141495328061248,0.000141495328061248,0.000141495328061248,0.00012974976894783024,0.0001493613937977861,-1.8570650385423438e-06,-1.8570650385423438e-06,-1.8570650385423438e-06,-1.8570650385423438e-06,-1.8570650385423438e-06,-1.8570650385423438e-06,-1.8570650385423438e-06,-1.8570650385423438e-06,-1.8570650385423438e-06,0.00013963826302270567
100,2018-02-28 04:59:39,0.00014200007432690068,0.00014200007432690068,0.00014200007432690068,0.0001310660061844389,0.00015001951506343178,-1.7387009129172387e-06,-1.7387009129172387e-06,-1.7387009129172387e-06,-1.7387009129172387e-06,-1.7387009129172387e-06,-1.7387009129172387e-06,-1.7387009129172387e-06,-1.7387009129172387e-06,-1.7387009129172387e-06,0.00014026137341398344
101,2018-02-28 05:59:43,0.0001425039816790925,0.0001425039816790925,0.0001425039816790925,0.00013113043886726566,0.00015060025125074506,-1.639314475215987e-06,-1.639314475215987e-06,-1.639314475215987e-06,-1.639314475215987e-06,-1.639314475215987e-06,-1.639314475215987e-06,-1.639314475215987e-06,-1.639314475215987e-06,-1.639314475215987e-06,0.0001408646672038765
102,2018-02-28 06:59:54,0.00014207751728719447,0.00014207751728719447,0.00014207751728719447,0.00013107967543202727,0.00015110570715467448,-1.6696893138553777e-06,-1.6696893138553777e-06,-1.6696893138553777e-06,-1.6696893138553777e-06,-1.6696893138553777e-06,-1.6696893138553777e-06,-1.6696893138553777e-06,-1.6696893138553777e-06,-1.6696893138553777e-06,0.0001404078279733391
103,2018-02-28 07:58:55,0.00014165931999788098,0.00014165931999788098,0.00014165931999788098,0.00012998284847644893,0.00015018340970065835,-1.819973604005217e-06,-1.819973604005217e-06,-1.819973604005217e-06,-1.819973604005217e-06,-1.819973604005217e-06,-1.819973604005217e-06,-1.819973604005217e-06,-1.819973604005217e-06,-1.819973604005217e-06,0.00013983934639387577
104,2018-02-28 08:59:48,0.0001412278953444322,0.0001412278953444322,0.0001412278953444322,0.00012964859161931544,0.0001489391136967563,-1.8381357062847938e-06,-1.8381357062847938e-06,-1.8381357062847938e-06,-1.8381357062847938e-06,-1.8381357062847938e-06,-1.8381357062847938e-06,-1.8381357062847938e-06,-1.8381357062847938e-06,-1.8381357062847938e-06,0.0001393897596381474
105,2018-02-28 09:59:59,0.00014080143095253415,0.00014080143095253415,0.00014080143095253415,0.0001296468480132868,0.00014908865583438283,-1.3620656955191228e-06,-1.3620656955191228e-06,-1.3620656955191228e-06,-1.3620656955191228e-06,-1.3620656955191228e-06,-1.3620656955191228e-06,-1.3620656955191228e-06,-1.3620656955191228e-06,-1.3620656955191228e-06,0.00013943936525701503
106,2018-02-28 10:59:31,0.00014037957251779036,0.00014037957251779036,0.00014037957251779036,0.00013051497313941454,0.0001490031492727721,-3.2941071000552717e-07,-3.2941071000552717e-07,-3.2941071000552717e-07,-3.2941071000552717e-07,-3.2941071000552717e-07,-3.2941071000552717e-07,-3.2941071000552717e-07,-3.2941071000552717e-07,-3.2941071000552717e-07,0.00014005016180778482
107,2018-02-28 11:58:45,0.0001396223258822043,0.0001396223258822043,0.0001396223258822043,0.00013099473224541166,0.0001503041223932979,8.56116653483731e-07,8.56116653483731e-07,8.56116653483731e-07,8.56116653483731e-07,8.56116653483731e-07,8.56116653483731e-07,8.56116653483731e-07,8.56116653483731e-07,8.56116653483731e-07,0.00014047844253568803
108,2018-02-28 12:56:54,0.00013887892872082005,0.00013887892872082005,0.00013887892872082005,0.00013095604491392186,0.00015025632753830212,1.5535781746360424e-06,1.5535781746360424e-06,1.5535781746360424e-06,1.5535781746360424e-06,1.5535781746360424e-06,1.5535781746360424e-06,1.5535781746360424e-06,1.5535781746360424e-06,1.5535781746360424e-06,0.0001404325068954561
109,2018-02-28 13:56:29,0.00013811720763972266,0.00013811720763972266,0.00013811720763972266,0.00012950697784044007,0.00014944741051991153,1.4221283984857692e-06,1.4221283984857692e-06,1.4221283984857692e-06,1.4221283984857692e-06,1.4221283984857692e-06,1.4221283984857692e-06,1.4221283984857692e-06,1.4221283984857692e-06,1.4221283984857692e-06,0.00013953933603820843
110,2018-02-28 14:57:33,0.00013733652343241056,0.00013733652343241056,0.00013733652343241056,0.00012743521882349263,0.0001468561121374992,6.976666632206427e-07,6.976666632206427e-07,6.976666632206427e-07,6.976666632206427e-07,6.976666632206427e-07,6.976666632206427e-07,6.976666632206427e-07,6.976666632206427e-07,6.976666632206427e-07,0.0001380341900956312
111,2018-02-28 15:56:26,0.00013658375123091625,0.00013658375123091625,0.00013658375123091625,0.00012698233478790317,0.00014651397745867075,2.3189846273487894e-07,2.3189846273487894e-07,2.3189846273487894e-07,2.3189846273487894e-07,2.3189846273487894e-07,2.3189846273487894e-07,2.3189846273487894e-07,2.3189846273487894e-07,2.3189846273487894e-07,0.00013681564969365113
112,2018-02-28 16:59:56,0.0001357719589615437,0.0001357719589615437,0.0001357719589615437,0.00012731754170935177,0.00014616159343764095,7.452494424829586e-07,7.452494424829586e-07,7.452494424829586e-07,7.452494424829586e-07,7.452494424829586e-07,7.452494424829586e-07,7.452494424829586e-07,7.452494424829586e-07,7.452494424829586e-07,0.00013651720840402666
113,2018-02-28 17:59:32,0.0001350100248000539,0.0001350100248000539,0.0001350100248000539,0.00012776902781352299,0.00014660212811989034,2.1313629084345027e-06,2.1313629084345027e-06,2.1313629084345027e-06,2.1313629084345027e-06,2.1313629084345027e-06,2.1313629084345027e-06,2.1313629084345027e-06,2.1313629084345027e-06,2.1313629084345027e-06,0.0001371413877084884
114,2018-02-28 18:59:57,0.0001342376502655459,0.0001342376502655459,0.0001342376502655459,0.00012881767344270412,0.00014758170058406194,3.587042750669601e-06,3.587042750669601e-06,3.587042750669601e-06,3.587042750669601e-06,3.587042750669601e-06,3.587042750669601e-06,3.587042750669601e-06,3.587042750669601e-06,3.587042750669601e-06,0.0001378246930162155
115,2018-02-28 19:59:27,0.00013347699451707868,0.00013347699451707868,0.00013347699451707868,0.00012732357315184577,0.00014708743014109067,4.09917854861077e-06,4.09917854861077e-06,4.09917854861077e-06,4.09917854861077e-06,4.09917854861077e-06,4.09917854861077e-06,4.09917854861077e-06,4.09917854861077e-06,4.09917854861077e-06,0.00013757617306568945
116,2018-02-28 20:59:37,0.00013270781602949767,0.00013270781602949767,0.00013270781602949767,0.00012585305240867843,0.00014593421725539219,3.274359437568855e-06,3.274359437568855e-06,3.274359437568855e-06,3.274359437568855e-06,3.274359437568855e-06,3.274359437568855e-06,3.274359437568855e-06,3.274359437568855e-06,3.274359437568855e-06,0.0001359821754670665
117,2018-02-28 21:56:49,0.00013197656379421288,0.00013197656379421288,0.00013197656379421288,0.00012367033941811212,0.0001431206267765906,1.6100675766386592e-06,1.6100675766386592e-06,1.6100675766386592e-06,1.6100675766386592e-06,1.6100675766386592e-06,1.6100675766386592e-06,1.6100675766386592e-06,1.6100675766386592e-06,1.6100675766386592e-06,0.00013358663137085153
118,2018-02-28 22:59:24,0.00013117649032582876,0.00013117649032582876,0.00013117649032582876,0.0001210209219490389,0.0001406695887951225,-2.978506774371866e-07,-2.978506774371866e-07,-2.978506774371866e-07,-2.978506774371866e-07,-2.978506774371866e-07,-2.978506774371866e-07,-2.978506774371866e-07,-2.978506774371866e-07,-2.978506774371866e-07,0.00013087863964839156
119,2018-02-28 23:57:54,0.0001304286187215602,0.0001304286187215602,0.0001304286187215602,0.00011955241421451037,0.00013877491694634834,-1.496595299843164e-06,-1.496595299843164e-06,-1.496595299843164e-06,-1.496595299843164e-06,-1.496595299843164e-06,-1.496595299843164e-06,-1.496595299843164e-06,-1.496595299843164e-06,-1.496595299843164e-06,0.00012893202342171704
120,2018-03-01 00:58:55,0.00012964857372348983,0.00012964857372348983,0.00012964857372348983,0.00011823603416563576,0.00013710759873424014,-2.0010877071951036e-06,-2.0010877071951036e-06,-2.0010877071951036e-06,-2.0010877071951036e-06,-2.0010877071951036e-06,-2.0010877071951036e-06,-2.0010877071951036e-06,-2.0010877071951036e-06,-2.0010877071951036e-06,0.00012764748601629472
121,2018-03-01 01:59:55,0.00012886874179425257,0.00012886874179425257,0.00012886874179425257,0.00011810560528515297,0.0001368716044807064,-2.0404902190229787e-06,-2.0404902190229787e-06,-2.0404902190229787e-06,-2.0404902190229787e-06,-2.0404902190229787e-06,-2.0404902190229787e-06,-2.0404902190229787e-06,-2.0404902190229787e-06,-2.0404902190229787e-06,0.0001268282515752296
122,2018-03-01 02:57:21,0.00012813450659530405,0.00012813450659530405,0.00012813450659530405,0.00011651914734917919,0.00013595687632492415,-1.9565140917657557e-06,-1.9565140917657557e-06,-1.9565140917657557e-06,-1.9565140917657557e-06,-1.9565140917657557e-06,-1.9565140917657557e-06,-1.9565140917657557e-06,-1.9565140917657557e-06,-1.9565140917657557e-06,0.0001261779925035383
123,2018-03-01 03:59:58,0.00012733400698925363,0.00012733400698925363,0.00012733400698925363,0.00011576589251760052,0.00013520110417725961,-1.8562229082308e-06,-1.8562229082308e-06,-1.8562229082308e-06,-1.8562229082308e-06,-1.8562229082308e-06,-1.8562229082308e-06,-1.8562229082308e-06,-1.8562229082308e-06,-1.8562229082308e-06,0.00012547778408102282
124,2018-03-01 04:59:37,0.0001265714336354995,0.0001265714336354995,0.0001265714336354995,0.00011413449701351672,0.00013422803651315105,-1.738770478584819e-06,-1.738770478584819e-06,-1.738770478584819e-06,-1.738770478584819e-06,-1.738770478584819e-06,-1.738770478584819e-06,-1.738770478584819e-06,-1.738770478584819e-06,-1.738770478584819e-06,0.00012483266315691468
125,2018-03-01 05:52:30,0.00012589536622799408,0.00012589536622799408,0.00012589536622799408,0.00011420527633889652,0.00013369023811644478,-1.6464276073646038e-06,-1.6464276073646038e-06,-1.6464276073646038e-06,-1.6464276073646038e-06,-1.6464276073646038e-06,-1.6464276073646038e-06,-1.6464276073646038e-06,-1.6464276073646038e-06,-1.6464276073646038e-06,0.00012424893862062947
126,2018-03-01 06:59:50,0.00012503456814216932,0.00012503456814216932,0.00012503456814216932,0.00011399540442285974,0.00013332235300053026,-1.6695634228291887e-06,-1.6695634228291887e-06,-1.6695634228291887e-06,-1.6695634228291887e-06,-1.6695634228291887e-06,-1.6695634228291887e-06,-1.6695634228291887e-06,-1.6695634228291887e-06,-1.6695634228291887e-06,0.00012336500471934013
127,2018-03-01 07:59:16,0.0001242747646832458,0.0001242747646832458,0.0001242747646832458,0.00011302435812253882,0.00013195840988941733,-1.8208345192072679e-06,-1.8208345192072679e-06,-1.8208345192072679e-06,-1.8208345192072679e-06,-1.8208345192072679e-06,-1.8208345192072679e-06,-1.8208345192072679e-06,-1.8208345192072679e-06,-1.8208345192072679e-06,0.00012245393016403853
128,2018-03-01 08:58:12,0.000123521353289316,0.000123521353289316,0.000123521353289316,0.00011226949196941702,0.00013137986808411435,-1.8427587910147357e-06,-1.8427587910147357e-06,-1.8427587910147357e-06,-1.8427587910147357e-06,-1.8427587910147357e-06,-1.8427587910147357e-06,-1.8427587910147357e-06,-1.8427587910147357e-06,-1.8427587910147357e-06,0.00012167859449830128
129,2018-03-01 09:59:56,0.00012273214633142125,0.00012273214633142125,0.00012273214633142125,0.00011230821259736041,0.0001307598244825622,-1.3627207531578995e-06,-1.3627207531578995e-06,-1.3627207531578995e-06,-1.3627207531578995e-06,-1.3627207531578995e-06,-1.3627207531578995e-06,-1.3627207531578995e-06,-1.3627207531578995e-06,-1.3627207531578995e-06,0.00012136942557826335
130,2018-03-01 10:58:36,0.00012198214403882148,0.00012198214403882148,0.00012198214403882148,0.00011187714919008261,0.0001311997672140427,-3.480857799511508e-07,-3.480857799511508e-07,-3.480857799511508e-07,-3.480857799511508e-07,-3.480857799511508e-07,-3.480857799511508e-07,-3.480857799511508e-07,-3.480857799511508e-07,-3.480857799511508e-07,0.00012163405825887032
131,2018-03-01 11:55:23,0.00012125621852436481,0.00012125621852436481,0.00012125621852436481,0.00011241744279154458,0.00013108443804088095,7.958415528531059e-07,7.958415528531059e-07,7.958415528531059e-07,7.958415528531059e-07,7.958415528531059e-07,7.958415528531059e-07,7.958415528531059e-07,7.958415528531059e-07,7.958415528531059e-07,0.00012205206007721792
132,2018-03-01 12:56:53,0.00012046999453013379,0.00012046999453013379,0.00012046999453013379,0.00011258743749994911,0.00013199901718651588,1.553491442497342e-06,1.553491442497342e-06,1.553491442497342e-06,1.553491442497342e-06,1.553491442497342e-06,1.553491442497342e-06,1.553491442497342e-06,1.553491442497342e-06,1.553491442497342e-06,0.00012202348597263112
133,2018-03-01 13:58:29,0.00011968249212290403,0.00011968249212290403,0.00011968249212290403,0.00011164192147668289,0.00013062175264705146,1.4042027509016571e-06,1.4042027509016571e-06,1.4042027509016571e-06,1.4042027509016571e-06,1.4042027509016571e-06,1.4042027509016571e-06,1.4042027509016571e-06,1.4042027509016571e-06,1.4042027509016571e-06,0.00012108669487380568
134,2018-03-01 14:53:05,0.00011898447862558673,0.00011898447862558673,0.00011898447862558673,0.00011055500253313843,0.00012899570071407497,7.536126405887783e-07,7.536126405887783e-07,7.536126405887783e-07,7.536126405887783e-07,7.536126405887783e-07,7.536126405887783e-07,7.536126405887783e-07,7.536126405887783e-07,7.536126405887783e-07,0.00011973809126617551
135,2018-03-01 15:54:47,0.00011819569780535822,0.00011819569780535822,0.00011819569780535822,0.00010887870026522314,0.0001284024887755963,2.3455887712121783e-07,2.3455887712121783e-07,2.3455887712121783e-07,2.3455887712121783e-07,2.3455887712121783e-07,2.3455887712121783e-07,2.3455887712121783e-07,2.3455887712121783e-07,2.3455887712121783e-07,0.00011843025668247943
136,2018-03-01 16:58:31,0.00011738092258748845,0.00011738092258748845,0.00011738092258748845,0.0001079739185007334,0.00012747106135073847,7.208563221391066e-07,7.208563221391066e-07,7.208563221391066e-07,7.208563221391066e-07,7.208563221391066e-07,7.208563221391066e-07,7.208563221391066e-07,7.208563221391066e-07,7.208563221391066e-07,0.00011810177890962757
137,2018-03-01 17:59:50,0.0001165970423504218,0.0001165970423504218,0.0001165970423504218,0.00010933758246777513,0.0001281981059547375,2.1393560017713986e-06,2.1393560017713986e-06,2.1393560017713986e-06,2.1393560017713986e-06,2.1393560017713986e-06,2.1393560017713986e-06,2.1393560017713986e-06,2.1393560017713986e-06,2.1393560017713986e-06,0.0001187363983521932
138,2018-03-01 18:58:50,0.00011584277868115953,0.00011584277868115953,0.00011584277868115953,0.00010981837322496298,0.00012947600387098668,3.5661581437348982e-06,3.5661581437348982e-06,3.5661581437348982e-06,3.5661581437348982e-06,3.5661581437348982e-06,3.5661581437348982e-06,3.5661581437348982e-06,3.5661581437348982e-06,3.5661581437348982e-06,0.00011940893682489443
139,2018-03-01 19:57:46,0.00011508936728722976,0.00011508936728722976,0.00011508936728722976,0.00010958611353082376,0.00012910427818005527,4.102891422812916e-06,4.102891422812916e-06,4.102891422812916e-06,4.102891422812916e-06,4.102891422812916e-06,4.102891422812916e-06,4.102891422812916e-06,4.102891422812916e-06,4.102891422812916e-06,0.00011919225871004268
140,2018-03-01 20:59:53,0.00011429525974617311,0.00011429525974617311,0.00011429525974617311,0.00010832349966915752,0.00012697538552055806,3.268053916609204e-06,3.268053916609204e-06,3.268053916609204e-06,3.268053916609204e-06,3.268053916609204e-06,3.268053916609204e-06,3.268053916609204e-06,3.268053916609204e-06,3.268053916609204e-06,0.00011756331366278232
141,2018-03-01 21:59:50,0.00011352885115342273,0.00011352885115342273,0.00011352885115342273,0.00010518005971455824,0.0001245255854295631,1.512750761248225e-06,1.512750761248225e-06,1.512750761248225e-06,1.512750761248225e-06,1.512750761248225e-06,1.512750761248225e-06,1.512750761248225e-06,1.512750761248225e-06,1.512750761248225e-06,0.00011504160191467095
142,2018-03-01 22:50:50,0.00011287686052406041,0.00011287686052406041,0.00011287686052406041,0.00010319880187882096,0.000122751888232732,-6.393290505721584e-08,-6.393290505721584e-08,-6.393290505721584e-08,-6.393290505721584e-08,-6.393290505721584e-08,-6.393290505721584e-08,-6.393290505721584e-08,-6.393290505721584e-08,-6.393290505721584e-08,0.00011281292761900319
143,2018-03-01 23:59:12,0.00011200285217058192,0.00011200285217058192,0.00011200285217058192,0.00010101741742327793,0.00012034769635341172,-1.5147655138865646e-06,-1.5147655138865646e-06,-1.5147655138865646e-06,-1.5147655138865646e-06,-1.5147655138865646e-06,-1.5147655138865646e-06,-1.5147655138865646e-06,-1.5147655138865646e-06,-1.5147655138865646e-06,0.00011048808665669536
144,2018-03-02 00:59:12,0.00011123580437133216,0.00011123580437133216,0.00011123580437133216,9.970533082629509e-05,0.00011896329930937155,-2.0020356406049613e-06,-2.0020356406049613e-06,-2.0020356406049613e-06,-2.0020356406049613e-06,-2.0020356406049613e-06,-2.0020356406049613e-06,-2.0020356406049613e-06,-2.0020356406049613e-06,-2.0020356406049613e-06,0.00010923376873072719
145,2018-03-02 01:59:12,0.00011046875657208237,0.00011043685314176823,0.00011054191203425743,9.945394499074292e-05,0.00011808500651631664,-2.0412540577914624e-06,-2.0412540577914624e-06,-2.0412540577914624e-06,-2.0412540577914624e-06,-2.0412540577914624e-06,-2.0412540577914624e-06,-2.0412540577914624e-06,-2.0412540577914624e-06,-2.0412540577914624e-06,0.0001084275025142909
146,2018-03-02 02:59:12,0.0001097017087728326,0.00010956290413569831,0.00010990699408512433,9.84394127200111e-05,0.00011738140198457659,-1.9536141154168587e-06,-1.9536141154168587e-06,-1.9536141154168587e-06,-1.9536141154168587e-06,-1.9536141154168587e-06,-1.9536141154168587e-06,-1.9536141154168587e-06,-1.9536141154168587e-06,-1.9536141154168587e-06,0.00010774809465741575
147,2018-03-02 03:59:12,0.00010893466097358283,0.00010859647260666683,0.00010935090766675614,9.738475514759042e-05,0.00011651093451338461,-1.85755782995946e-06,-1.85755782995946e-06,-1.85755782995946e-06,-1.85755782995946e-06,-1.85755782995946e-06,-1.85755782995946e-06,-1.85755782995946e-06,-1.85755782995946e-06,-1.85755782995946e-06,0.00010707710314362337
148,2018-03-02 04:59:12,0.00010816761317433307,0.00010761999822055793,0.00010881705377067087,9.6394254255348e-05,0.00011618848729806008,-1.7396403033961558e-06,-1.7396403033961558e-06,-1.7396403033961558e-06,-1.7396403033961558e-06,-1.7396403033961558e-06,-1.7396403033961558e-06,-1.7396403033961558e-06,-1.7396403033961558e-06,-1.7396403033961558e-06,0.00010642797287093692
149,2018-03-02 05:59:12,0.00010740056537508327,0.00010658730468127077,0.00010832967316527131,9.626065848090063e-05,0.00011538465345604376,-1.6397589832960585e-06,-1.6397589832960585e-06,-1.6397589832960585e-06,-1.6397589832960585e-06,-1.6397589832960585e-06,-1.6397589832960585e-06,-1.6397589832960585e-06,-1.6397589832960585e-06,-1.6397589832960585e-06,0.00010576080639178721
150,2018-03-02 06:59:12,0.00010663351757583352,0.00010554169363535128,0.00010786121937836346,9.492615668464026e-05,0.00011530104633741248,-1.6683765509731037e-06,-1.6683765509731037e-06,-1.6683765509731037e-06,-1.6683765509731037e-06,-1.6683765509731037e-06,-1.6683765509731037e-06,-1.6683765509731037e-06,-1.6683765509731037e-06,-1.6683765509731037e-06,0.00010496514102486042
151,2018-03-02 07:59:12,0.00010586646977658371,0.00010450454306713274,0.00010737866350287046,9.39239065248566e-05,0.00011393004561641496,-1.820670854002691e-06,-1.820670854002691e-06,-1.820670854002691e-06,-1.820670854002691e-06,-1.820670854002691e-06,-1.820670854002691e-06,-1.820670854002691e-06,-1.820670854002691e-06,-1.820670854002691e-06,0.00010404579892258103
152,2018-03-02 08:59:12,0.00010509942197733395,0.00010342252000075728,0.00010698192226814786,9.300460644047144e-05,0.00011322148446141164,-1.8399119195968854e-06,-1.8399119195968854e-06,-1.8399119195968854e-06,-1.8399119195968854e-06,-1.8399119195968854e-06,-1.8399119195968854e-06,-1.8399119195968854e-06,-1.8399119195968854e-06,-1.8399119195968854e-06,0.00010325951005773706
153,2018-03-02 09:59:12,0.00010433237417808418,0.0001023853760582065,0.00010660748265846988,9.28972468117831e-05,0.0001129666261933756,-1.3722792877276044e-06,-1.3722792877276044e-06,-1.3722792877276044e-06,-1.3722792877276044e-06,-1.3722792877276044e-06,-1.3722792877276044e-06,-1.3722792877276044e-06,-1.3722792877276044e-06,-1.3722792877276044e-06,0.00010296009489035658
154,2018-03-02 10:59:12,0.00010356532637883442,0.00010130846279268598,0.00010626760048723702,9.333666225098906e-05,0.00011419259382569385,-3.3586712055330176e-07,-3.3586712055330176e-07,-3.3586712055330176e-07,-3.3586712055330176e-07,-3.3586712055330176e-07,-3.3586712055330176e-07,-3.3586712055330176e-07,-3.3586712055330176e-07,-3.3586712055330176e-07,0.00010322945925828111
155,2018-03-02 11:59:12,0.00010279827857958464,0.00010029112169244053,0.0001058650881394921,9.315682518983748e-05,0.00011361500329537747,8.640516661454823e-07,8.640516661454823e-07,8.640516661454823e-07,8.640516661454823e-07,8.640516661454823e-07,8.640516661454823e-07,8.640516661454823e-07,8.640516661454823e-07,8.640516661454823e-07,0.00010366233024573012
156,2018-03-02 12:59:12,0.00010203123078033486,9.915116882983275e-05,0.00010537070750266984,9.345877996618383e-05,0.00011453427216250117,1.5648587129267108e-06,1.5648587129267108e-06,1.5648587129267108e-06,1.5648587129267108e-06,1.5648587129267108e-06,1.5648587129267108e-06,1.5648587129267108e-06,1.5648587129267108e-06,1.5648587129267108e-06,0.00010359608949326157
157,2018-03-02 13:59:12,0.0001012641829810851,9.808706823528515e-05,0.00010494888858735195,9.222755865200935e-05,0.00011259200598113422,1.3976130904806643e-06,1.3976130904806643e-06,1.3976130904806643e-06,1.3976130904806643e-06,1.3976130904806643e-06,1.3976130904806643e-06,1.3976130904806643e-06,1.3976130904806643e-06,1.3976130904806643e-06,0.00010266179607156576
158,2018-03-02 14:59:12,0.00010049713518183531,9.69298099101596e-05,0.00010465610007195296,9.000305572641621e-05,0.0001110731261432062,6.773417426478956e-07,6.773417426478956e-07,6.773417426478956e-07,6.773417426478956e-07,6.773417426478956e-07,6.773417426478956e-07,6.773417426478956e-07,6.773417426478956e-07,6.773417426478956e-07,0.00010117447692448321
159,2018-03-02 15:59:12,9.973008738258555e-05,9.590959437147044e-05,0.00010433762581598839,8.897859751785399e-05,0.0001096315185828596,2.2914192463582196e-07,2.2914192463582196e-07,2.2914192463582196e-07,2.2914192463582196e-07,2.2914192463582196e-07,2.2914192463582196e-07,2.2914192463582196e-07,2.2914192463582196e-07,2.2914192463582196e-07,9.995922930722137e-05
160,2018-03-02 16:59:12,9.896303958333578e-05,9.482810958253888e-05,0.00010403118909054449,8.938003425011097e-05,0.00011106620856129661,7.325557566862859e-07,7.325557566862859e-07,7.325557566862859e-07,7.325557566862859e-07,7.325557566862859e-07,7.325557566862859e-07,7.325557566862859e-07,7.325557566862859e-07,7.325557566862859e-07,9.969559534002206e-05
161,2018-03-02 17:59:12,9.819599178408601e-05,9.369436146633358e-05,0.00010372037346612355,8.893117812930961e-05,0.000111522662390924,2.1224837295365197e-06,2.1224837295365197e-06,2.1224837295365197e-06,2.1224837295365197e-06,2.1224837295365197e-06,2.1224837295365197e-06,2.1224837295365197e-06,2.1224837295365197e-06,2.1224837295365197e-06,0.00010031847551362253
162,2018-03-02 18:59:12,9.742894398483621e-05,9.25087153431407e-05,0.00010331211923709992,8.940596925540216e-05,0.00011231632796001703,3.5730531627704644e-06,3.5730531627704644e-06,3.5730531627704644e-06,3.5730531627704644e-06,3.5730531627704644e-06,3.5730531627704644e-06,3.5730531627704644e-06,3.5730531627704644e-06,3.5730531627704644e-06,0.00010100199714760668
163,2018-03-02 19:59:12,9.666189618558646e-05,9.129530758507292e-05,0.0001030508749605722,8.976885379255769e-05,0.00011244070057978146,4.0998006071013664e-06,4.0998006071013664e-06,4.0998006071013664e-06,4.0998006071013664e-06,4.0998006071013664e-06,4.0998006071013664e-06,4.0998006071013664e-06,4.0998006071013664e-06,4.0998006071013664e-06,0.00010076169679268783
164,2018-03-02 20:59:12,9.58948483863367e-05,9.008646719733027e-05,0.00010281673288461332,8.777833941166335e-05,0.00011121125248699295,3.284173393946939e-06,3.284173393946939e-06,3.284173393946939e-06,3.284173393946939e-06,3.284173393946939e-06,3.284173393946939e-06,3.284173393946939e-06,3.284173393946939e-06,3.284173393946939e-06,9.917902178028364e-05
165,2018-03-02 21:59:12,9.51278005870869e-05,8.886148216349201e-05,0.00010255817057561768,8.505748838600252e-05,0.00011027100607714188,1.5331955089216966e-06,1.5331955089216966e-06,1.5331955089216966e-06,1.5331955089216966e-06,1.5331955089216966e-06,1.5331955089216966e-06,1.5331955089216966e-06,1.5331955089216966e-06,1.5331955089216966e-06,9.66609960960086e-05
166,2018-03-02 22:59:12,9.436075278783714e-05,8.742628571457018e-05,0.00010227536137674602,8.210366847685035e-05,0.00010648915848671446,-2.925371185406945e-07,-2.925371185406945e-07,-2.925371185406945e-07,-2.925371185406945e-07,-2.925371185406945e-07,-2.925371185406945e-07,-2.925371185406945e-07,-2.925371185406945e-07,-2.925371185406945e-07,9.406821566929644e-05
167,2018-03-02 23:59:12,9.359370498858736e-05,8.61731523974123e-05,0.00010201533548510215,7.973567095012981e-05,0.00010581801808483786,-1.5147655138790985e-06,-1.5147655138790985e-06,-1.5147655138790985e-06,-1.5147655138790985e-06,-1.5147655138790985e-06,-1.5147655138790985e-06,-1.5147655138790985e-06,-1.5147655138790985e-06,-1.5147655138790985e-06,9.207893947470827e-05
168,2018-03-03 00:59:12,9.282665718933759e-05,8.469657494897098e-05,0.00010173910092553268,7.875787025556552e-05,0.00010357747937179217,-2.0020356406020136e-06,-2.0020356406020136e-06,-2.0020356406020136e-06,-2.0020356406020136e-06,-2.0020356406020136e-06,-2.0020356406020136e-06,-2.0020356406020136e-06,-2.0020356406020136e-06,-2.0020356406020136e-06,9.082462154873557e-05
169,2018-03-03 01:59:12,9.205960939008781e-05,8.34062561651218e-05,0.000101431905412319,7.706400355450691e-05,0.00010286911993909406,-2.0412540577753553e-06,-2.0412540577753553e-06,-2.0412540577753553e-06,-2.0412540577753553e-06,-2.0412540577753553e-06,-2.0412540577753553e-06,-2.0412540577753553e-06,-2.0412540577753553e-06,-2.0412540577753553e-06,9.001835533231246e-05
170,2018-03-03 02:59:12,9.129256159083805e-05,8.204889594312259e-05,0.00010123332154330329,7.606938957977345e-05,0.00010356897107141769,-1.953614115460563e-06,-1.953614115460563e-06,-1.953614115460563e-06,-1.953614115460563e-06,-1.953614115460563e-06,-1.953614115460563e-06,-1.953614115460563e-06,-1.953614115460563e-06,-1.953614115460563e-06,8.933894747537748e-05
171,2018-03-03 03:59:12,9.052551379158826e-05,8.07041021156896e-05,0.0001009159276249034,7.490918412945941e-05,0.00010214747242974807,-1.8575578299765352e-06,-1.8575578299765352e-06,-1.8575578299765352e-06,-1.8575578299765352e-06,-1.8575578299765352e-06,-1.8575578299765352e-06,-1.8575578299765352e-06,-1.8575578299765352e-06,-1.8575578299765352e-06,8.866795596161172e-05
172,2018-03-03 04:59:12,8.97584659923385e-05,7.945916670642388e-05,0.00010104539799109113,7.38585799974905e-05,0.0001034876682197391,-1.739640303375421e-06,-1.739640303375421e-06,-1.739640303375421e-06,-1.739640303375421e-06,-1.739640303375421e-06,-1.739640303375421e-06,-1.739640303375421e-06,-1.739640303375421e-06,-1.739640303375421e-06,8.801882568896308e-05
173,2018-03-03 05:59:12,8.899141819308872e-05,7.818083699987917e-05,0.00010101271870729934,7.37697918643013e-05,0.00010293764747754304,-1.6397589833102692e-06,-1.6397589833102692e-06,-1.6397589833102692e-06,-1.6397589833102692e-06,-1.6397589833102692e-06,-1.6397589833102692e-06,-1.6397589833102692e-06,-1.6397589833102692e-06,-1.6397589833102692e-06,8.735165920977845e-05
174,2018-03-03 06:59:12,8.822437039383893e-05,7.674071090985282e-05,0.00010081580853372661,7.111069506165182e-05,0.00010259254421098951,-1.6683765509900194e-06,-1.6683765509900194e-06,-1.6683765509900194e-06,-1.6683765509900194e-06,-1.6683765509900194e-06,-1.6683765509900194e-06,-1.6683765509900194e-06,-1.6683765509900194e-06,-1.6683765509900194e-06,8.655599384284892e-05
175,2018-03-03 07:59:12,8.745732259458918e-05,7.539983285694353e-05,0.00010074559231330509,7.03224318991113e-05,0.0001012029330498816,-1.8206708540113733e-06,-1.8206708540113733e-06,-1.8206708540113733e-06,-1.8206708540113733e-06,-1.8206708540113733e-06,-1.8206708540113733e-06,-1.8206708540113733e-06,-1.8206708540113733e-06,-1.8206708540113733e-06,8.563665174057781e-05
176,2018-03-03 08:59:12,8.66902747953394e-05,7.436965680568955e-05,0.00010067929943880858,6.884760663293162e-05,0.0001010128632482987,-1.8399119195877846e-06,-1.8399119195877846e-06,-1.8399119195877846e-06,-1.8399119195877846e-06,-1.8399119195877846e-06,-1.8399119195877846e-06,-1.8399119195877846e-06,-1.8399119195877846e-06,-1.8399119195877846e-06,8.485036287575161e-05
177,2018-03-03 09:59:12,8.592322699608965e-05,7.30247297562394e-05,0.00010055783606746269,6.822647138101253e-05,0.00010192641386015417,-1.372279287760028e-06,-1.372279287760028e-06,-1.372279287760028e-06,-1.372279287760028e-06,-1.372279287760028e-06,-1.372279287760028e-06,-1.372279287760028e-06,-1.372279287760028e-06,-1.372279287760028e-06,8.455094770832961e-05
178,2018-03-03 10:59:12,8.515617919683984e-05,7.170536888826127e-05,0.00010064784774549346,6.821200483959261e-05,0.00010258572513659713,-3.3586712057847177e-07,-3.3586712057847177e-07,-3.3586712057847177e-07,-3.3586712057847177e-07,-3.3586712057847177e-07,-3.3586712057847177e-07,-3.3586712057847177e-07,-3.3586712057847177e-07,-3.3586712057847177e-07,8.482031207626138e-05
179,2018-03-03 11:59:12,8.438913139759008e-05,7.03831973568111e-05,0.00010051889619294058,6.89638422931188e-05,0.0001031424082977613,8.640516661440343e-07,8.640516661440343e-07,8.640516661440343e-07,8.640516661440343e-07,8.640516661440343e-07,8.640516661440343e-07,8.640516661440343e-07,8.640516661440343e-07,8.640516661440343e-07,8.525318306373411e-05
180,2018-03-03 12:59:12,8.36220835983403e-05,6.908377874790526e-05,0.00010027456913701422,6.850835911469572e-05,0.0001049741166742269,1.5648587129250233e-06,1.5648587129250233e-06,1.5648587129250233e-06,1.5648587129250233e-06,1.5648587129250233e-06,1.5648587129250233e-06,1.5648587129250233e-06,1.5648587129250233e-06,1.5648587129250233e-06,8.518694231126533e-05
181,2018-03-03 13:59:12,8.285503579909053e-05,6.78505994560263e-05,0.00010000932350062756,6.553200435280239e-05,0.00010474468335782802,1.3976130904564794e-06,1.3976130904564794e-06,1.3976130904564794e-06,1.3976130904564794e-06,1.3976130904564794e-06,1.3976130904564794e-06,1.3976130904564794e-06,1.3976130904564794e-06,1.3976130904564794e-06,8.425264888954701e-05
182,2018-03-03 14:59:12,8.208798799984076e-05,6.641699921453431e-05,0.00010011083460863027,6.391934696665901e-05,0.00010303041384943424,6.773417426207402e-07,6.773417426207402e-07,6.773417426207402e-07,6.773417426207402e-07,6.773417426207402e-07,6.773417426207402e-07,6.773417426207402e-07,6.773417426207402e-07,6.773417426207402e-07,8.27653297424615e-05
183,2018-03-03 15:59:12,8.1320940200591e-05,6.489511306525603e-05,9.996112642470858e-05,6.201849300417998e-05,0.00010254775151781161,2.2914192463724686e-07,2.2914192463724686e-07,2.2914192463724686e-07,2.2914192463724686e-07,2.2914192463724686e-07,2.2914192463724686e-07,2.2914192463724686e-07,2.2914192463724686e-07,2.2914192463724686e-07,8.155008212522824e-05
184,2018-03-03 16:59:12,8.055389240134123e-05,6.303945293633918e-05,9.963686925243826e-05,6.016358540697904e-05,0.0001033857137251703,7.325557566845638e-07,7.325557566845638e-07,7.325557566845638e-07,7.325557566845638e-07,7.325557566845638e-07,7.325557566845638e-07,7.325557566845638e-07,7.325557566845638e-07,7.325557566845638e-07,8.12864481580258e-05
185,2018-03-03 17:59:12,7.978684460209144e-05,6.185159860375588e-05,9.977143335059871e-05,6.242925933372018e-05,0.00010392607077888672,2.1224837295175564e-06,2.1224837295175564e-06,2.1224837295175564e-06,2.1224837295175564e-06,2.1224837295175564e-06,2.1224837295175564e-06,2.1224837295175564e-06,2.1224837295175564e-06,2.1224837295175564e-06,8.1909328331609e-05
186,2018-03-03 18:59:12,7.901979680284168e-05,6.044065909134146e-05,9.996958241670207e-05,6.185111517140388e-05,0.000104632670638263,3.5730531627867224e-06,3.5730531627867224e-06,3.5730531627867224e-06,3.5730531627867224e-06,3.5730531627867224e-06,3.5730531627867224e-06,3.5730531627867224e-06,3.5730531627867224e-06,3.5730531627867224e-06,8.259284996562841e-05
187,2018-03-03 19:59:12,7.825274900359188e-05,5.901746362676581e-05,9.961562180910021e-05,6.0489611171284266e-05,0.00010584732112002146,4.099800607105226e-06,4.099800607105226e-06,4.099800607105226e-06,4.099800607105226e-06,4.099800607105226e-06,4.099800607105226e-06,4.099800607105226e-06,4.099800607105226e-06,4.099800607105226e-06,8.235254961069711e-05
188,2018-03-03 20:59:12,7.748570120434213e-05,5.71885461903885e-05,9.95233840586028e-05,5.725343367575367e-05,0.00010427359008416138,3.284173393917564e-06,3.284173393917564e-06,3.284173393917564e-06,3.284173393917564e-06,3.284173393917564e-06,3.284173393917564e-06,3.284173393917564e-06,3.284173393917564e-06,3.284173393917564e-06,8.07698745982597e-05
189,2018-03-03 21:59:12,7.671865340509234e-05,5.571533346755597e-05,9.95604118319328e-05,5.48983248904727e-05,0.00010273481902005944,1.533195508937274e-06,1.533195508937274e-06,1.533195508937274e-06,1.533195508937274e-06,1.533195508937274e-06,1.533195508937274e-06,1.533195508937274e-06,1.533195508937274e-06,1.533195508937274e-06,7.825184891402961e-05
190,2018-03-03 22:59:12,7.595160560584259e-05,5.389711222732286e-05,9.977382369097046e-05,5.218309755857999e-05,0.00010156205470002672,-2.925371184782203e-07,-2.925371184782203e-07,-2.925371184782203e-07,-2.925371184782203e-07,-2.925371184782203e-07,-2.925371184782203e-07,-2.925371184782203e-07,-2.925371184782203e-07,-2.925371184782203e-07,7.565906848736437e-05
191,2018-03-03 23:59:12,7.518455780659279e-05,5.2374062048000686e-05,9.96303579033714e-05,5.0279470143890443e-05,0.00010106540000729123,-1.514765513873943e-06,-1.514765513873943e-06,-1.514765513873943e-06,-1.514765513873943e-06,-1.514765513873943e-06,-1.514765513873943e-06,-1.514765513873943e-06,-1.514765513873943e-06,-1.514765513873943e-06,7.366979229271885e-05
192,2018-03-04 00:59:12,7.441751000734303e-05,5.0944140452904534e-05,9.981861593845101e-05,4.713010566470025e-05,9.939431724095425e-05,-2.0020356405941938e-06,-2.0020356405941938e-06,-2.0020356405941938e-06,-2.0020356405941938e-06,-2.0020356405941938e-06,-2.0020356405941938e-06,-2.0020356405941938e-06,-2.0020356405941938e-06,-2.0020356405941938e-06,7.241547436674883e-05
193,2018-03-04 01:59:12,7.365046220809325e-05,4.882413878247894e-05,9.939010701275716e-05,4.3993668816298185e-05,9.942127461376609e-05,-2.0412540577778354e-06,-2.0412540577778354e-06,-2.0412540577778354e-06,-2.0412540577778354e-06,-2.0412540577778354e-06,-2.0412540577778354e-06,-2.0412540577778354e-06,-2.0412540577778354e-06,-2.0412540577778354e-06,7.160920815031542e-05
194,2018-03-04 02:59:12,7.288341440884348e-05,4.673548828122808e-05,9.941677441885424e-05,4.474026438629543e-05,9.957991650970438e-05,-1.953614115403914e-06,-1.953614115403914e-06,-1.953614115403914e-06,-1.953614115403914e-06,-1.953614115403914e-06,-1.953614115403914e-06,-1.953614115403914e-06,-1.953614115403914e-06,-1.953614115403914e-06,7.092980029343956e-05
195,2018-03-04 03:59:12,7.211636660959371e-05,4.513933591165558e-05,0.0001000511438015127,4.2034605291628476e-05,0.00010008848316915639,-1.8575578299685604e-06,-1.8575578299685604e-06,-1.8575578299685604e-06,-1.8575578299685604e-06,-1.8575578299685604e-06,-1.8575578299685604e-06,-1.8575578299685604e-06,-1.8575578299685604e-06,-1.8575578299685604e-06,7.025880877962516e-05
196,2018-03-04 04:59:12,7.134931881034394e-05,4.37291178593038e-05,9.991863356847634e-05,4.181231560903439e-05,9.936746022068284e-05,-1.739640303405232e-06,-1.739640303405232e-06,-1.739640303405232e-06,-1.739640303405232e-06,-1.739640303405232e-06,-1.739640303405232e-06,-1.739640303405232e-06,-1.739640303405232e-06,-1.739640303405232e-06,6.960967850693871e-05
197,2018-03-04 05:59:12,7.058227101109418e-05,4.193765538379487e-05,0.00010015892843541772,3.9834492441154916e-05,0.00010059051132151612,-1.6397589833725839e-06,-1.6397589833725839e-06,-1.6397589833725839e-06,-1.6397589833725839e-06,-1.6397589833725839e-06,-1.6397589833725839e-06,-1.6397589833725839e-06,-1.6397589833725839e-06,-1.6397589833725839e-06,6.894251202772159e-05
198,2018-03-04 06:59:12,6.981522321184439e-05,4.0413215620382864e-05,0.00010040277373874746,3.930399081695359e-05,9.886639292351623e-05,-1.6683765509466057e-06,-1.6683765509466057e-06,-1.6683765509466057e-06,-1.6683765509466057e-06,-1.6683765509466057e-06,-1.6683765509466057e-06,-1.6683765509466057e-06,-1.6683765509466057e-06,-1.6683765509466057e-06,6.814684666089778e-05
199,2018-03-04 07:59:12,6.904817541259463e-05,3.873426601681092e-05,0.00010039411160699402,3.602952175007069e-05,9.989274563639688e-05,-1.8206708539950056e-06,-1.8206708539950056e-06,-1.8206708539950056e-06,-1.8206708539950056e-06,-1.8206708539950056e-06,-1.8206708539950056e-06,-1.8206708539950056e-06,-1.8206708539950056e-06,-1.8206708539950056e-06,6.722750455859963e-05
200,2018-03-04 08:59:12,6.828112761334482e-05,3.715324895947901e-05,0.0001004845778126242,3.40103873174677e-05,9.981835070925618e-05,-1.839911919594641e-06,-1.839911919594641e-06,-1.839911919594641e-06,-1.839911919594641e-06,-1.839911919594641e-06,-1.839911919594641e-06,-1.839911919594641e-06,-1.839911919594641e-06,-1.839911919594641e-06,6.644121569375018e-05
201,2018-03-04 09:59:12,6.751407981409506e-05,3.5382422312131216e-05,0.00010088677775704622,3.349490624332339e-05,9.851448293797696e-05,-1.3722792877321811e-06,-1.3722792877321811e-06,-1.3722792877321811e-06,-1.3722792877321811e-06,-1.3722792877321811e-06,-1.3722792877321811e-06,-1.3722792877321811e-06,-1.3722792877321811e-06,-1.3722792877321811e-06,6.614180052636288e-05
202,2018-03-04 10:59:12,6.674703201484529e-05,3.362001255950716e-05,0.00010085664877880417,3.3166575058770534e-05,0.00010146068642974073,-3.3586712054331143e-07,-3.3586712054331143e-07,-3.3586712054331143e-07,-3.3586712054331143e-07,-3.3586712054331143e-07,-3.3586712054331143e-07,-3.3586712054331143e-07,-3.3586712054331143e-07,-3.3586712054331143e-07,6.641116489430197e-05
203,2018-03-04 11:59:12,6.597998421559552e-05,3.16973077322528e-05,0.00010066633273631646,3.46129038571978e-05,0.0001019128826325227,8.64051666167636e-07,8.64051666167636e-07,8.64051666167636e-07,8.64051666167636e-07,8.64051666167636e-07,8.64051666167636e-07,8.64051666167636e-07,8.64051666167636e-07,8.64051666167636e-07,6.684403588176316e-05
204,2018-03-04 12:59:12,6.521293641634574e-05,3.0129512447851516e-05,0.00010089137765613266,3.044705423344858e-05,0.00010374179563977498,1.5648587129482405e-06,1.5648587129482405e-06,1.5648587129482405e-06,1.5648587129482405e-06,1.5648587129482405e-06,1.5648587129482405e-06,1.5648587129482405e-06,1.5648587129482405e-06,1.5648587129482405e-06,6.677779512929398e-05
205,2018-03-04 13:59:12,6.444588861709597e-05,2.86120936058229e-05,0.00010085646564276333,2.808209826278088e-05,0.00010348515536923896,1.397613090492564e-06,1.397613090492564e-06,1.397613090492564e-06,1.397613090492564e-06,1.397613090492564e-06,1.397613090492564e-06,1.397613090492564e-06,1.397613090492564e-06,1.397613090492564e-06,6.584350170758853e-05
206,2018-03-04 14:59:12,6.367884081784621e-05,2.7171914594683067e-05,0.00010055373801444376,2.6512716813387492e-05,0.00010165982132492762,6.773417426539147e-07,6.773417426539147e-07,6.773417426539147e-07,6.773417426539147e-07,6.773417426539147e-07,6.773417426539147e-07,6.773417426539147e-07,6.773417426539147e-07,6.773417426539147e-07,6.435618256050013e-05
207,2018-03-04 15:59:12,6.291179301859642e-05,2.5556419243367867e-05,0.00010052890866621249,2.41737102923713e-05,0.00010123273090411982,2.2914192463038669e-07,2.2914192463038669e-07,2.2914192463038669e-07,2.2914192463038669e-07,2.2914192463038669e-07,2.2914192463038669e-07,2.2914192463038669e-07,2.2914192463038669e-07,2.2914192463038669e-07,6.314093494322681e-05
208,2018-03-04 16:59:12,6.214474521934666e-05,2.3617095921345188e-05,0.0001007308774793244,2.414001837481232e-05,0.00010175250136530601,7.325557567077467e-07,7.325557567077467e-07,7.325557567077467e-07,7.325557567077467e-07,7.325557567077467e-07,7.325557567077467e-07,7.325557567077467e-07,7.325557567077467e-07,7.325557567077467e-07,6.287730097605441e-05
209,2018-03-04 17:59:12,6.137769742009689e-05,2.1811140308005684e-05,0.00010053774423525566,2.4061110949825708e-05,0.00010546630049111777,2.122483729558862e-06,2.122483729558862e-06,2.122483729558862e-06,2.122483729558862e-06,2.122483729558862e-06,2.122483729558862e-06,2.122483729558862e-06,2.122483729558862e-06,2.122483729558862e-06,6.350018114965575e-05
210,2018-03-04 18:59:12,6.061064962084712e-05,2.0430737525112304e-05,0.00010129545180958674,2.1709872709407268e-05,0.00010458415165496714,3.5730531628202814e-06,3.5730531628202814e-06,3.5730531628202814e-06,3.5730531628202814e-06,3.5730531628202814e-06,3.5730531628202814e-06,3.5730531628202814e-06,3.5730531628202814e-06,3.5730531628202814e-06,6.418370278366741e-05
211,2018-03-04 19:59:12,5.984360182159733e-05,1.8373519527362413e-05,0.00010129351755693509,2.2796477809444052e-05,0.00010509890514397361,4.099800607084036e-06,4.099800607084036e-06,4.099800607084036e-06,4.099800607084036e-06,4.099800607084036e-06,4.099800607084036e-06,4.099800607084036e-06,4.099800607084036e-06,4.099800607084036e-06,6.394340242868137e-05
212,2018-03-04 20:59:12,5.9076554022347565e-05,1.6755206529038325e-05,0.00010117629974564696,1.9175618686793435e-05,0.00010614868511044005,3.2841733939130945e-06,3.2841733939130945e-06,3.2841733939130945e-06,3.2841733939130945e-06,3.2841733939130945e-06,3.2841733939130945e-06,3.2841733939130945e-06,3.2841733939130945e-06,3.2841733939130945e-06,6.236072741626066e-05
213,2018-03-04 21:59:12,5.830950622309777e-05,1.5509663556733367e-05,0.00010144036875268887,1.5948049515905736e-05,0.00010335962685601328,1.533195508950679e-06,1.533195508950679e-06,1.533195508950679e-06,1.533195508950679e-06,1.533195508950679e-06,1.533195508950679e-06,1.533195508950679e-06,1.533195508950679e-06,1.533195508950679e-06,5.9842701732048446e-05
214,2018-03-04 22:59:12,5.754245842384801e-05,1.3803915091803504e-05,0.00010137009162576626,1.1283287830290066e-05,0.00010110783532369939,-2.92537118519494e-07,-2.92537118519494e-07,-2.92537118519494e-07,-2.92537118519494e-07,-2.92537118519494e-07,-2.92537118519494e-07,-2.92537118519494e-07,-2.92537118519494e-07,-2.92537118519494e-07,5.7249921305328516e-05
215,2018-03-04 23:59:12,5.677541062459825e-05,1.185464332437995e-05,0.00010149530054091807,9.400044631242425e-06,0.00010181327478925176,-1.5147655138938373e-06,-1.5147655138938373e-06,-1.5147655138938373e-06,-1.5147655138938373e-06,-1.5147655138938373e-06,-1.5147655138938373e-06,-1.5147655138938373e-06,-1.5147655138938373e-06,-1.5147655138938373e-06,5.5260645110704415e-05
